276345
310
310
276
276
345
310
276
276
310
345
310
310
379
276
276
345
379
310
379
241
310
345
310
310
310
276
345
379
310
276
379
345
414
310
276
345
414
345
345
345
276
241
276
379
276
310
276
379
276
276
310
241
345
241
345
276
276
310
276
276
241
310
310
276
276
310
310
310
310
310
241
241
310
310
241
276
310
241
276
345
414
379
241
276
310
345
276
310
345
276
241
345
448
345
276
241
345
379
379
310
310
310
345
379
276
310
276
207
345
241
345
414
310
345
345
345
448
345
345
379
241
241
310
276
310
345
276
276
310
276
345
345
276
276
276
310
310
276
345
310
310
310
276
310
345
345
345
379
379
310
379
379
276
276
345
345
310
276
310
310
345
310
276
310
345
276
310
345
345
310
345
345
379
310
241
310
345
276
345
276
310
345
379
276
276
310
345
310
276
241
241
345
276
310
345
310
310
310
310
276
276
276
276
276
310
310
448
276
379
448
310
310
345
379
276
241
310
310
345
276
414
276
345
379
345
345
276
241
310
276
310
276
310
310
345
310
310
345
310
414
276
345
345
276
241
276
276
276
241
241
310
379
276
241
